[default]
latitude  = 30.13791
longitude = 120.00704
elevation = 10.0